0
0.000000
0.357097
0.000000
10
0.016667
0.357374
0.012500
20
0.033333
0.357107
0.025000
30
0.050000
0.358023
0.037500
40
0.066667
0.357360
0.050000
50
0.083333
0.357320
0.062500
60
0.100000
0.357648
0.075000
70
0.116667
0.357177
0.087500
80
0.133333
0.399867
0.100000
90
0.150000
0.400000
0.112500
100
0.166667
0.431778
0.125000
110
0.183333
0.498916
0.137500
120
0.200000
0.499955
0.150000
130
0.216667
0.500688
0.162500
140
0.233333
0.505591
0.175000
150
0.250000
0.502038
0.187500
160
0.266667
0.666307
0.200000
170
0.283333
0.666614
0.212500
180
0.300000
0.666613
0.225000
190
0.316667
0.666618
0.237500
200
0.333333
0.666625
0.250000
210
0.350000
0.666896
0.262500
220
0.366667
0.669404
0.275000
230
0.383333
0.755127
0.287500
240
0.400000
0.836725
0.300000
250
0.416667
0.995031
0.312500
260
0.433333
0.998956
0.325000
270
0.450000
0.999902
0.337500
280
0.466667
0.999910
0.350000
290
0.483333
0.999912
0.362500
300
0.500000
0.999916
0.375000
310
0.516667
0.999923
0.387500
320
0.533333
0.999920
0.400000
330
0.550000
0.999934
0.412500
340
0.566667
0.999924
0.425000
350
0.583333
0.999938
0.437500
360
0.600000
0.999933
0.450000
370
0.616667
0.999938
0.462500
380
0.633333
0.999940
0.475000
390
0.650000
0.999939
0.487500
400
0.666667
0.999939
0.500000
410
0.683333
0.999946
0.512500
420
0.700000
0.999955
0.525000
430
0.716667
0.999948
0.537500
440
0.733333
0.999947
0.550000
450
0.750000
0.999956
0.562500
460
0.766667
0.999953
0.575000
470
0.783333
0.999954
0.587500
480
0.800000
0.999958
0.600000
490
0.816667
0.999949
0.612500
500
0.833333
0.999946
0.625000
510
0.850000
0.999940
0.637500
520
0.866667
0.999936
0.650000
530
0.883333
0.999942
0.662500
540
0.900000
0.999949
0.675000
550
0.916667
0.999949
0.687500
560
0.933333
0.999947
0.700000
570
0.950000
0.999950
0.712500
580
0.966667
0.999951
0.725000
590
0.983333
0.999952
0.737500
600
1.000000
0.999946
0.750000
610
1.000000
0.999951
0.762500
620
1.000000
0.999951
0.775000
630
1.000000
0.999952
0.787500
640
1.000000
0.999949
0.800000
650
1.000000
0.999954
0.812500
660
1.000000
0.999955
0.825000
670
1.000000
0.999952
0.837500
680
1.000000
0.999957
0.850000
690
1.000000
0.999961
0.862500
700
1.000000
0.999962
0.875000
710
1.000000
0.999965
0.887500
720
1.000000
0.999961
0.900000
730
1.000000
0.999965
0.912500
740
1.000000
0.999964
0.925000
750
1.000000
0.999964
0.937500
760
1.000000
0.999968
0.950000
770
1.000000
0.999970
0.962500
780
1.000000
0.999968
0.975000
790
1.000000
0.999969
0.987500
800
1.000000
0.999969
1.000000
